##FastQC	0.11.5
>>Basic Statistics	pass
#Measure	Value
Filename	Control_R1_S14_L008_R1_001_x.fastq.gz
File type	Conventional base calls
Encoding	Sanger / Illumina 1.9
Total Sequences	500000
Sequences flagged as poor quality	0
Sequence length	50
%GC	50
>>END_MODULE
>>Per base sequence quality	pass
#Base	Mean	Median	Lower Quartile	Upper Quartile	10th Percentile	90th Percentile
1	30.52938	32.0	32.0	32.0	32.0	32.0
2	31.64195	32.0	32.0	32.0	32.0	32.0
3	35.06533	37.0	32.0	37.0	32.0	37.0
4	35.72762	37.0	37.0	37.0	32.0	37.0
5	36.087	37.0	37.0	37.0	32.0	37.0
6	39.636588	41.0	41.0	41.0	37.0	41.0
7	39.844496	41.0	41.0	41.0	37.0	41.0
8	39.901274	41.0	41.0	41.0	37.0	41.0
9	40.035324	41.0	41.0	41.0	37.0	41.0
10	39.439344	41.0	41.0	41.0	37.0	41.0
11	39.603042	41.0	41.0	41.0	37.0	41.0
12	39.545318	41.0	41.0	41.0	37.0	41.0
13	39.522734	41.0	41.0	41.0	37.0	41.0
14	39.681342	41.0	41.0	41.0	37.0	41.0
15	39.946252	41.0	41.0	41.0	37.0	41.0
16	39.968104	41.0	41.0	41.0	37.0	41.0
17	39.589686	41.0	41.0	41.0	37.0	41.0
18	39.23352	41.0	41.0	41.0	37.0	41.0
19	39.327094	41.0	41.0	41.0	37.0	41.0
20	39.875966	41.0	41.0	41.0	37.0	41.0
21	39.550886	41.0	41.0	41.0	37.0	41.0
22	39.410948	41.0	41.0	41.0	37.0	41.0
23	39.557208	41.0	41.0	41.0	37.0	41.0
24	39.649684	41.0	41.0	41.0	37.0	41.0
25	39.882522	41.0	41.0	41.0	37.0	41.0
26	39.917354	41.0	41.0	41.0	37.0	41.0
27	39.978344	41.0	41.0	41.0	37.0	41.0
28	39.559104	41.0	41.0	41.0	37.0	41.0
29	39.116632	41.0	41.0	41.0	37.0	41.0
30	38.57794	41.0	41.0	41.0	32.0	41.0
31	38.474104	41.0	41.0	41.0	32.0	41.0
32	38.386786	41.0	41.0	41.0	32.0	41.0
33	38.429206	41.0	41.0	41.0	32.0	41.0
34	38.460244	41.0	41.0	41.0	32.0	41.0
35	38.475174	41.0	41.0	41.0	32.0	41.0
36	38.473016	41.0	41.0	41.0	32.0	41.0
37	38.451092	41.0	41.0	41.0	32.0	41.0
38	38.456344	41.0	41.0	41.0	32.0	41.0
39	38.421684	41.0	41.0	41.0	32.0	41.0
40	38.416728	41.0	41.0	41.0	32.0	41.0
41	38.38938	41.0	41.0	41.0	32.0	41.0
42	38.396572	41.0	41.0	41.0	32.0	41.0
43	38.411494	41.0	41.0	41.0	32.0	41.0
44	38.35365	41.0	41.0	41.0	32.0	41.0
45	38.333796	41.0	41.0	41.0	32.0	41.0
46	38.2423	41.0	41.0	41.0	32.0	41.0
47	38.272814	41.0	41.0	41.0	32.0	41.0
48	38.471294	41.0	41.0	41.0	32.0	41.0
49	38.601044	41.0	41.0	41.0	32.0	41.0
50	38.873532	41.0	41.0	41.0	32.0	41.0
>>END_MODULE
>>Per tile sequence quality	pass
#Tile	Base	Mean
1101	1	0.2033818096354878
1101	2	-0.03681858816513284
1101	3	-0.025638825586490555
1101	4	-0.00510470497389548
1101	5	-0.006297484776013107
1101	6	-0.05306894290709607
1101	7	0.017051974333945452
1101	8	-0.06995084923710237
1101	9	-0.023655578779987252
1101	10	-0.12261237069195374
1101	11	-0.046598234325443855
1101	12	0.08877861229904482
1101	13	0.1038822928754044
1101	14	0.0882127526822174
1101	15	-0.039798224698984086
1101	16	-0.029019390636314313
1101	17	0.019901234340096607
1101	18	0.0502506633382751
1101	19	-0.08493171414854572
1101	20	-0.11810367108493836
1101	21	-0.005577621204636785
1101	22	-0.08781077576653473
1101	23	-0.03506710607307184
1101	24	-0.015156425463679568
1101	25	-0.013694238541354764
1101	26	-0.0560220071540769
1101	27	1.5936969899854603E-4
1101	28	0.05070137668065655
1101	29	0.03220687812504508
1101	30	0.11810590592003933
1101	31	-2.0009813160726253E-4
1101	32	0.11822316358114904
1101	33	0.23574433307047116
1101	34	0.11936742673215406
1101	35	-0.05300615320664548
1101	36	0.0031702153969916935
1101	37	0.06809089766995413
1101	38	0.054432895574137774
1101	39	0.10336025964274143
1101	40	0.06622544638454997
1101	41	0.1159372257047977
1101	42	0.13038869149243482
1101	43	0.0775717444593127
1101	44	-0.0016789505523746584
1101	45	-0.049595872302624855
1101	46	0.09948906669820445
1101	47	0.012468825603519917
1101	48	-0.02810285284089531
1101	49	-0.025817029762770005
1101	50	0.054967677190688846
1102	1	0.2363888026424803
1102	2	0.06032911261893403
1102	3	0.026550197511618023
1102	4	-0.013195402155503189
1102	5	0.02614476993897341
1102	6	-0.044669070052677284
1102	7	0.030197344115677538
1102	8	-0.05814347479336135
1102	9	-0.002525890286662502
1102	10	-0.016941465839231284
1102	11	0.04426974617890522
1102	12	-0.008001425844632593
1102	13	0.04536481035792406
1102	14	-0.026777075671247985
1102	15	-0.04156554828448833
1102	16	0.055833120488919974
1102	17	-0.003501181425953348
1102	18	0.030946573488733975
1102	19	-0.02045343485207951
1102	20	-0.04577394020974879
1102	21	-0.005291331736529514
1102	22	0.03130471480350394
1102	23	0.07762901598668748
1102	24	0.025479090535469595
1102	25	0.03497136857880179
1102	26	0.04602101043439433
1102	27	0.08857216902088538
1102	28	0.10095778693706592
1102	29	0.12841221823947535
1102	30	0.07476939394715743
1102	31	-0.12690766329372138
1102	32	-0.16111567939405802
1102	33	-0.1046133698326841
1102	34	-0.10041133995569851
1102	35	-0.06934372472603911
1102	36	-0.04095226818003539
1102	37	-0.06468129982951609
1102	38	-0.1948900542033556
1102	39	-0.18270437269462292
1102	40	-0.03823291343744728
1102	41	-0.023391021805267087
1102	42	-0.01510187854359657
1102	43	0.01595063829275034
1102	44	0.014243066824185746
1102	45	-0.013783623944924273
1102	46	-0.12323100111277085
1102	47	-0.05335126339838325
1102	48	-0.24139380431366675
1102	49	-0.07657502933894733
1102	50	-0.012003715053431563
1103	1	0.3863097667241746
1103	2	-0.011562793372668523
1103	3	0.004627772700082744
1103	4	0.18057667182002746
1103	5	0.024434672643927513
1103	6	0.04924876389363675
1103	7	0.11550438431183352
1103	8	0.07347057951448477
1103	9	0.05691725862953234
1103	10	-0.04677499480602876
1103	11	-0.036375270384731095
1103	12	-0.04158151818362654
1103	13	-0.06676415121966528
1103	14	-0.08797184834516258
1103	15	0.0400089098108225
1103	16	-0.04172568692950307
1103	17	0.017625354296711748
1103	18	-0.05571101578533444
1103	19	0.012785890082056994
1103	20	0.06954671607530116
1103	21	-0.015142076447908437
1103	22	0.022851053849336722
1103	23	-0.09933381365569716
1103	24	-0.047521718082833786
1103	25	0.020709845767939328
1103	26	0.052970745677114905
1103	27	0.12450716654286254
1103	28	0.09586923019031701
1103	29	-0.10646437617322846
1103	30	0.09985325549084223
1103	31	0.046464901069690256
1103	32	0.09137669090095102
1103	33	0.14690093749443633
1103	34	0.026232059371317007
1103	35	0.01530703041912318
1103	36	0.03928541343302783
1103	37	-0.10470279342577982
1103	38	0.02505516842752087
1103	39	0.200280002712951
1103	40	0.07054116904162555
1103	41	0.01687086618805722
1103	42	0.06972896372366932
1103	43	0.13352165323914988
1103	44	0.04724700557787287
1103	45	0.1182219059609082
1103	46	0.13264108068809577
1103	47	0.16872245128977426
1103	48	0.1119087493551092
1103	49	0.06763802854246848
1103	50	0.1828478382762455
1104	1	0.2952833578689109
1104	2	-0.002696100886630859
1104	3	0.06521613128672499
1104	4	0.11850134360237519
1104	5	0.14308087604538144
1104	6	-0.07392768916282932
1104	7	0.10692078952035189
1104	8	0.050624595564229935
1104	9	-0.04905436617758596
1104	10	0.028557826716827606
1104	11	0.13649209733575418
1104	12	0.011894747850668352
1104	13	0.012973201966318015
1104	14	0.04785131776937135
1104	15	0.005089717846757935
1104	16	0.030601129772215074
1104	17	0.06311463070950651
1104	18	0.1128079551929062
1104	19	0.028467361963912197
1104	20	-0.005353301169023439
1104	21	-0.06649555400625218
1104	22	0.14495294721156426
1104	23	-0.098238819234858
1104	24	-0.030948225961715536
1104	25	-0.06430685538065006
1104	26	0.05332423413936738
1104	27	0.03762012252298774
1104	28	0.13807731951511215
1104	29	0.14502491558580033
1104	30	0.050825419435497565
1104	31	0.03278647662749279
1104	32	0.11963064851384075
1104	33	0.05038578530620441
1104	34	-0.03198772863252941
1104	35	0.08133377244927686
1104	36	0.14190311806399336
1104	37	0.07504170787602504
1104	38	0.07870569502558311
1104	39	0.2247639551929197
1104	40	0.05017921591791463
1104	41	0.11207746894706361
1104	42	0.21448230728513096
1104	43	-0.06477370286827266
1104	44	-0.05825623591092466
1104	45	-8.193015133528547E-4
1104	46	0.01277355910139022
1104	47	0.09182661549128568
1104	48	0.14471464327949946
1104	49	0.14170886435105956
1104	50	0.047401543443527316
1105	1	0.20181813013586236
1105	2	0.04714299466413152
1105	3	0.0371125967572965
1105	4	0.1330448265758264
1105	5	0.05232538252527519
1105	6	-0.017899960949051774
1105	7	0.10832600548989291
1105	8	0.03238935971100432
1105	9	0.06888001657831921
1105	10	0.1714550423579908
1105	11	0.058293288472910376
1105	12	0.09929668529689195
1105	13	0.05114854975020222
1105	14	0.14919992952995642
1105	15	0.1510043333957114
1105	16	0.05902221925097706
1105	17	0.11216289984666616
1105	18	0.10636306526109962
1105	19	0.14555064094558645
1105	20	0.03400852169370694
1105	21	0.06003981161596528
1105	22	0.14642628915639477
1105	23	0.058271897028149056
1105	24	0.06953201507238305
1105	25	0.06725460610046952
1105	26	0.07051144447643054
1105	27	0.05696162061318688
1105	28	0.13555705086017156
1105	29	0.11012149828327722
1105	30	0.07309162529430324
1105	31	0.1060109120020769
1105	32	0.10665814425164655
1105	33	0.05947958268730957
1105	34	0.13909919932707737
1105	35	0.08598297783198205
1105	36	0.043055153421690306
1105	37	-0.001499866000393979
1105	38	-0.005212163884898757
1105	39	0.03942088204273375
1105	40	0.13045680886082067
1105	41	-0.02310754095239531
1105	42	-0.04750264503688584
1105	43	0.05623168583358762
1105	44	0.10921255917446615
1105	45	0.168544934013525
1105	46	0.0890063684769089
1105	47	0.11107188956569303
1105	48	0.10606673040665271
1105	49	0.14300145270016884
1105	50	0.1241432569938965
1106	1	0.3121109973582392
1106	2	0.06391855613815878
1106	3	0.08539222538816915
1106	4	0.05020529700880161
1106	5	0.06818644973372301
1106	6	0.08958463956908247
1106	7	-0.04405858602790147
1106	8	0.08171675236002329
1106	9	0.04774276284682344
1106	10	0.09876356484297588
1106	11	0.06049119822013438
1106	12	0.12880552378852883
1106	13	0.18119136959934679
1106	14	0.10090665000428345
1106	15	0.09180919478012584
1106	16	0.11133152261341905
1106	17	0.16503258400891951
1106	18	0.10328733356735142
1106	19	0.08509348867494282
1106	20	0.06511867955589423
1106	21	0.023726927554399424
1106	22	0.044906551235065706
1106	23	0.10096321952452314
1106	24	0.1354588957897036
1106	25	-0.017437627535286992
1106	26	0.0777345031051766
1106	27	0.11295469891540932
1106	28	0.10644547654412406
1106	29	0.11553211141437458
1106	30	0.11721316823411598
1106	31	0.09288846879731949
1106	32	0.10289836390611384
1106	33	0.1045956742926819
1106	34	0.05861919221936063
1106	35	0.02620304876573698
1106	36	0.06714597490709195
1106	37	0.10808141940950833
1106	38	-0.001561822068808283
1106	39	0.036648015116512056
1106	40	-0.0769621748138718
1106	41	0.039236095567311224
1106	42	0.02998191614815937
1106	43	0.1494844187311557
1106	44	0.11134672618413788
1106	45	4.908505565808241E-4
1106	46	0.10665998326855686
1106	47	0.030265186467332228
1106	48	0.12744507282246076
1106	49	-0.009911243349243648
1106	50	0.03269706963097008
1107	1	0.12212821354803083
1107	2	0.025266227192123125
1107	3	0.010640793097472567
1107	4	0.02973647872732954
1107	5	0.0420846027854509
1107	6	0.11447211787331923
1107	7	-0.005817180389350085
1107	8	-0.11498269095694269
1107	9	-0.02463567607049555
1107	10	0.09495353578361687
1107	11	-0.04825406914079622
1107	12	0.051287765976205435
1107	13	0.03614998562569838
1107	14	-0.06487432494096623
1107	15	-0.026569199696368173
1107	16	0.006229785532738674
1107	17	0.08178107271231028
1107	18	0.12708041801973025
1107	19	0.09195361642996858
1107	20	0.08402227043614374
1107	21	0.07749461438486094
1107	22	0.13476840354092445
1107	23	0.06465043760304923
1107	24	0.07852688345984404
1107	25	0.12499181648531987
1107	26	-0.010789765287768205
1107	27	-0.014229883884013361
1107	28	-0.04158501572440798
1107	29	0.05363105952477554
1107	30	0.04583337479753169
1107	31	0.04946611956899005
1107	32	-0.12575175534342975
1107	33	-0.04734032536660493
1107	34	0.07960679538996374
1107	35	0.021714332722844176
1107	36	-0.0364544184559179
1107	37	-0.008825490027504657
1107	38	0.013948796819036602
1107	39	0.03623176816873297
1107	40	0.09427329396275042
1107	41	0.1532584020830825
1107	42	0.14211128276767226
1107	43	0.1424337200843766
1107	44	0.049467547512279
1107	45	0.10801769867759958
1107	46	0.1648754172578819
1107	47	-0.0161622419767653
1107	48	0.009185958750272505
1107	49	0.12074053378990612
1107	50	0.019107166153965238
1108	1	0.27059020645282317
1108	2	-0.07152146593555742
1108	3	0.021146960153075156
1108	4	0.010597432363589121
1108	5	0.003710543705864211
1108	6	-0.059025879806135606
1108	7	-0.07564753643310951
1108	8	-0.011832121755752212
1108	9	-0.02075912653106826
1108	10	-0.01415574586915369
1108	11	-0.04601811452236859
1108	12	-0.05970875844582224
1108	13	0.011073384424044264
1108	14	-0.07725071045773291
1108	15	-0.06062935639857869
1108	16	-0.1097831395183988
1108	17	-0.013573345553986371
1108	18	-0.11688745220003938
1108	19	-0.05659865441629819
1108	20	-0.04910335815369393
1108	21	-0.012422051627027031
1108	22	-0.1124202529661531
1108	23	0.009774872199585616
1108	24	-0.06510875902444724
1108	25	0.039513092941753314
1108	26	-0.13611551887531448
1108	27	-0.0915440193634609
1108	28	-0.16278920887697268
1108	29	-0.023286646934245425
1108	30	-0.15492262725324224
1108	31	-0.027897206339126512
1108	32	-0.14944590906507216
1108	33	-0.07680506475063709
1108	34	-0.07490439252696746
1108	35	0.08205056771853236
1108	36	-0.1074816733910069
1108	37	4.0062093955839373E-4
1108	38	0.028256581904173572
1108	39	-0.04757849133410019
1108	40	-0.15842861924208762
1108	41	-0.20551010694111227
1108	42	-0.11487236669397305
1108	43	-0.11794230923148064
1108	44	-0.0839309610928538
1108	45	-0.0665867562564344
1108	46	-0.19884487368754122
1108	47	0.004559573953791585
1108	48	-0.10048880821314299
1108	49	0.03126740011241935
1108	50	-0.1222934220358809
1109	1	0.20584087290394493
1109	2	-0.10026553981048636
1109	3	-0.07194338551121149
1109	4	-0.007708469992117273
1109	5	-0.11580876544714869
1109	6	-0.09590754933393697
1109	7	-0.15369925303149046
1109	8	-0.10293067417397594
1109	9	-0.03896584705876194
1109	10	-0.008538392572248199
1109	11	0.03509196875956633
1109	12	-0.021049799153018967
1109	13	-0.07829807655596
1109	14	-0.08689521041970494
1109	15	-0.0873690549057784
1109	16	-0.14337445407113592
1109	17	-0.25127175096964294
1109	18	-0.32539785177915803
1109	19	-0.23892353286758095
1109	20	-0.09303179677269924
1109	21	-0.18113459296959888
1109	22	-0.05889096133136462
1109	23	-0.09194602796705453
1109	24	-0.10921009334976617
1109	25	-0.26083429943739844
1109	26	-0.04869875557578496
1109	27	-0.16550507127568892
1109	28	-0.26286540880896325
1109	29	-0.2724456297209059
1109	30	-0.289491672448527
1109	31	-0.24493750344727516
1109	32	-0.2512393950577234
1109	33	-0.11902120677103056
1109	34	-0.19738106429720403
1109	35	-0.15519084636095215
1109	36	-0.1879276809688264
1109	37	-0.3124753973933778
1109	38	-0.15580042083399803
1109	39	-0.2076835598595892
1109	40	-0.3493893887507653
1109	41	-0.2403339921640466
1109	42	-0.14659705841788906
1109	43	-0.1914058466984585
1109	44	-0.2690066818195618
1109	45	-0.2915544408124049
1109	46	-0.23730520900455332
1109	47	-0.2636898281676494
1109	48	-0.19815149689019051
1109	49	-0.12280883635111906
1109	50	-0.05032260145116396
1110	1	0.2734529365525802
1110	2	-0.006987043107979929
1110	3	0.11797894806017695
1110	4	0.10869162687089329
1110	5	0.06897092503896829
1110	6	-0.04775075772116111
1110	7	-0.045931550624459305
1110	8	-0.02781471797560897
1110	9	-0.03180267544119886
1110	10	0.07419112772856806
1110	11	-0.0321219534010595
1110	12	-0.07184883353067306
1110	13	-0.12396463607176855
1110	14	-0.018476781018875954
1110	15	-0.02175111658741713
1110	16	-0.031420092475784145
1110	17	-0.07340940034639942
1110	18	-0.13568661565301454
1110	19	0.07464768733461113
1110	20	0.12981404800415675
1110	21	-0.0650903412030246
1110	22	0.019965363038721762
1110	23	0.08083558610768193
1110	24	0.031197478097382714
1110	25	0.03525586484862231
1110	26	-0.066289440321043
1110	27	0.010747581220748259
1110	28	-0.07578599088250826
1110	29	-0.033557062683350125
1110	30	-0.06817336826210152
1110	31	-0.07100320589292863
1110	32	0.02967486665320962
1110	33	-0.04058340305944341
1110	34	-0.05843942596911944
1110	35	-0.07409653019277584
1110	36	0.05996027648800606
1110	37	-0.07400936703533034
1110	38	-0.04253158138033797
1110	39	-0.09511701140066009
1110	40	0.027199097094808167
1110	41	-0.12132155907566045
1110	42	-0.0793686956710431
1110	43	-0.08296729788679613
1110	44	-0.058943191090676805
1110	45	-0.17068237637423778
1110	46	0.019027415287453664
1110	47	-0.07702564118034161
1110	48	-0.12481929487852028
1110	49	-0.047573211271114246
1110	50	-0.08769163430614668
1111	1	-2.5073050938225023
1111	2	0.03319464066518307
1111	3	-0.27108341385692825
1111	4	-0.6053450998473693
1111	5	-0.30683197219439506
1111	6	0.1389443285968639
1111	7	-0.05284639126540469
1111	8	0.14745324174311492
1111	9	0.017859122291120855
1111	10	-0.2588981276513138
1111	11	-0.1252706571928286
1111	12	-0.17787300005355888
1111	13	-0.1727567307515656
1111	14	-0.023924699132123806
1111	15	-0.0102296552618526
1111	16	0.09230498597283798
1111	17	-0.11786209761820032
1111	18	0.10294692654932902
1111	19	-0.03759134914662354
1111	20	-0.07114416837515591
1111	21	0.1898922156397873
1111	22	-0.28605333277140943
1111	23	-0.06753926151893808
1111	24	-0.07224914107227676
1111	25	0.03357642617180545
1111	26	0.017353549381397215
1111	27	-0.16024375401190127
1111	28	-0.08458261643466614
1111	29	-0.14917496566096133
1111	30	-0.06710447515562379
1111	31	0.143328799039125
1111	32	0.11909086105344358
1111	33	-0.20874294307069619
1111	34	0.04019927834166026
1111	35	0.039045524578874335
1111	36	0.018295889284985378
1111	37	0.31457956781689234
1111	38	0.1995969046209538
1111	39	-0.10762144758759717
1111	40	0.18413806498172391
1111	41	0.1762841624482263
1111	42	-0.18325051705367912
1111	43	-0.11810470395536043
1111	44	0.1402991151934927
1111	45	0.1977469819953228
1111	46	-0.06509180697357664
1111	47	-0.00868556764834949
1111	48	0.19363510252247096
1111	49	-0.22167092942279965
1111	50	-0.18885317884265618
>>END_MODULE
>>Per sequence quality scores	pass
#Quality	Count
15	2.0
16	1.0
17	0.0
18	0.0
19	3.0
20	3.0
21	8.0
22	24.0
23	69.0
24	251.0
25	482.0
26	1031.0
27	1692.0
28	2846.0
29	4669.0
30	6661.0
31	8660.0
32	10199.0
33	12024.0
34	14129.0
35	16854.0
36	20491.0
37	26494.0
38	38153.0
39	78881.0
40	256373.0
>>END_MODULE
>>Per base sequence content	fail
#Base	G	A	T	C
1	0.28385438724431933	0.2700128705446327	97.35193192452861	2.094200817682434
2	2.1144	0.3306	0.308	97.247
3	97.18081095191137	2.1911023721273537	0.305242123413031	0.3228445525482517
4	2.027	97.3838	0.31939999999999996	0.2698
5	0.08099999999999999	97.2152	2.3868	0.317
6	0.07519999999999999	0.1512	97.544	2.2296
7	0.2682	0.0978	2.5928	97.0412
8	0.3276	0.0956	99.422	0.1548
9	2.5309999999999997	0.09079999999999999	97.2876	0.0906
10	97.26041645830416	0.13961954673654312	2.5195527373832336	0.08041125757606064
11	2.77	0.2996	96.8438	0.0866
12	99.1096	0.6056	0.21480000000000002	0.06999999999999999
13	96.8348	2.9926	0.1008	0.0718
14	0.41980000000000006	99.4106	0.0796	0.09
15	0.5646	99.2714	0.0844	0.0796
16	2.8896	96.943	0.0854	0.082
17	98.99	0.6322	0.11	0.2678
18	96.7762	2.7338	0.11299999999999999	0.377
19	0.6062	96.5956	0.08220000000000001	2.716
20	2.7316	0.8406	0.11739999999999999	96.3104
21	96.2534	3.3234	0.10560000000000001	0.3176
22	0.3322	99.2802	0.08	0.30760000000000004
23	0.08639999999999999	99.4302	0.0786	0.40480000000000005
24	0.079	96.8302	0.0852	3.0056
25	0.08360000000000001	3.1237999999999997	0.109	96.6836
26	0.264	96.2514	0.082	3.4026
27	0.40299999999999997	0.46340000000000003	0.1448	98.9888
28	2.7640000000000002	0.3634	0.2718	96.60079999999999
29	91.3648	5.333	1.4727999999999999	1.8294000000000001
30	21.7474	21.1184	25.4146	31.719599999999996
31	22.871	22.8336	23.6696	30.625799999999998
32	20.9866	24.1086	25.330799999999996	29.574
33	23.474999999999998	22.2074	22.6824	31.6352
34	23.924400000000002	23.0486	23.329	29.698
35	20.8048	24.310599999999997	25.929600000000004	28.955
36	23.128	21.8944	23.316	31.6616
37	22.854045708091416	24.05984811969624	24.356248712497425	28.729857459714918
38	20.3194	24.517	26.672800000000002	28.4908
39	22.4386	22.880200000000002	23.6416	31.0396
40	22.561999999999998	22.670399999999997	24.266199999999998	30.5014
41	19.706483016860123	23.97922138189412	26.933993683204083	29.380301918041674
42	22.35748942995772	21.57048628194513	24.79569918279673	31.276325105300423
43	22.5166	22.462	24.9374	30.084
44	19.128335110458497	23.950779301059676	26.837123977986323	30.083761610495507
45	21.0478	21.6402	24.7794	32.5326
46	20.4862	22.797	25.834000000000003	30.8828
47	17.236068944275775	23.727894911579646	28.869515478061913	30.166520666082665
48	20.3642	20.288	27.7976	31.5502
49	23.2792	15.698599999999999	32.471	28.551199999999998
50	87.1344	1.1078	10.9156	0.8422000000000001
>>END_MODULE
>>Per sequence GC content	pass
#GC Content	Count
0	0.0
1	0.0
2	0.0
3	0.0
4	0.0
5	0.0
6	0.0
7	0.0
8	0.0
9	0.0
10	0.0
11	0.0
12	0.0
13	0.0
14	0.0
15	0.0
16	0.0
17	0.0
18	0.0
19	0.0
20	0.0
21	0.0
22	0.0
23	2.0
24	4.0
25	3.5
26	3.0
27	5.0
28	7.0
29	10.0
30	13.0
31	21.0
32	29.0
33	74.0
34	119.0
35	286.5
36	454.0
37	1158.0
38	1862.0
39	3904.0
40	5946.0
41	11518.0
42	17090.0
43	26152.0
44	35214.0
45	46256.0
46	57298.0
47	66086.5
48	74875.0
49	78311.5
50	81748.0
51	78849.0
52	75950.0
53	69463.0
54	62976.0
55	54004.0
56	45032.0
57	35011.0
58	24990.0
59	18145.5
60	11301.0
61	7683.0
62	4065.0
63	2455.0
64	845.0
65	494.0
66	143.0
67	88.5
68	34.0
69	17.5
70	1.0
71	0.5
72	0.0
73	0.0
74	0.0
75	0.0
76	0.0
77	0.0
78	0.0
79	0.0
80	0.0
81	0.0
82	0.0
83	0.0
84	0.0
85	0.0
86	0.0
87	0.0
88	0.0
89	0.0
90	0.0
91	0.0
92	0.0
93	0.0
94	0.0
95	0.0
96	0.0
97	0.5
98	1.0
99	0.5
100	0.0
>>END_MODULE
>>Per base N content	pass
#Base	N-Count
1	3.1898000000000004
2	0.0
3	0.0138
4	0.0
5	0.0
6	0.0
7	0.0
8	0.0
9	0.0
10	0.013999999999999999
11	0.0
12	0.0
13	0.0
14	0.0
15	0.0
16	0.0
17	0.0
18	0.0
19	0.0
20	0.0
21	0.0
22	0.0
23	0.0
24	0.0
25	0.0
26	0.0
27	0.0
28	0.0
29	0.0
30	0.0
31	0.0
32	0.0
33	0.0
34	0.0
35	0.0
36	0.0
37	1.9999999999999998E-4
38	0.0
39	0.0
40	0.0
41	0.0126
42	3.9999999999999996E-4
43	0.0
44	0.025799999999999997
45	0.0
46	0.0
47	3.9999999999999996E-4
48	0.0
49	0.0
50	0.0
>>END_MODULE
>>Sequence Length Distribution	pass
#Length	Count
50	500000.0
>>END_MODULE
>>Sequence Duplication Levels	fail
#Total Deduplicated Percentage	29.584372568634944
#Duplication Level	Percentage of deduplicated	Percentage of total
1	55.35055037210458	16.375113040873373
2	11.90124126750244	7.041815113740108
3	7.376378904395783	6.546766251451923
4	5.279584644900977	6.2477279656957885
5	3.77958048036868	5.590825854218362
6	2.832566066230563	5.027981389718259
7	2.2928658257453702	4.748309778711929
8	1.8164291967185922	4.29903344802153
9	1.4686688569829185	3.9104681980440508
>10	7.784961086769443	37.9080398910601
>50	0.1104002752586705	2.069679949397321
>100	0.006773023022004326	0.23423911906723482
>500	0.0	0.0
>1k	0.0	0.0
>5k	0.0	0.0
>10k+	0.0	0.0
>>END_MODULE
>>Overrepresented sequences	pass
>>END_MODULE
>>Adapter Content	pass
#Position	Illumina Universal Adapter	Illumina Small RNA 3' Adapter	Illumina Small RNA 5' Adapter	Nextera Transposase Sequence	SOLID Small RNA Adapter
1	2.0E-4	0.0	0.0	0.0	0.0
2	2.0E-4	0.0	0.0	0.0	0.0
3	2.0E-4	0.0	0.0	0.0	0.0
4	2.0E-4	0.0	0.0	0.0	0.0
5	2.0E-4	0.0	0.0	0.0	0.0
6	2.0E-4	0.0	0.0	0.0	0.0
7	2.0E-4	0.0	0.0	0.0	0.0
8	2.0E-4	0.0	0.0	0.0	0.0
9	2.0E-4	0.0	0.0	0.0	0.0
10	2.0E-4	0.0	0.0	0.0	0.0
11	2.0E-4	0.0	0.0	0.0	0.0
12	2.0E-4	0.0	0.0	0.0	0.0
13	2.0E-4	0.0	0.0	0.0	0.0
14	2.0E-4	0.0	0.0	0.0	0.0
15	2.0E-4	0.0	0.0	0.0	0.0
16	2.0E-4	0.0	0.0	0.0	0.0
17	2.0E-4	0.0	0.0	0.0	0.0
18	2.0E-4	0.0	0.0	0.0	0.0
19	2.0E-4	0.0	0.0	0.0	0.0
20	2.0E-4	0.0	0.0	0.0	0.0
21	2.0E-4	0.0	0.0	0.0	0.0
22	2.0E-4	0.0	0.0	0.0	0.0
23	2.0E-4	0.0	0.0	0.0	0.0
24	2.0E-4	0.0	0.0	0.0	0.0
25	2.0E-4	0.0	0.0	0.0	0.0
26	2.0E-4	0.0	0.0	0.0	0.0
27	2.0E-4	0.0	0.0	0.0	0.0
28	2.0E-4	0.0	0.0	0.0	0.0
29	2.0E-4	0.0	0.0	0.0	0.0
30	2.0E-4	0.0	0.0	0.0	0.0
31	2.0E-4	0.0	0.0	0.0	0.0
32	2.0E-4	0.0	0.0	0.0	0.0
33	2.0E-4	0.0	0.0	0.0	0.0
34	2.0E-4	0.0	0.0	0.0	0.0
35	2.0E-4	6.0E-4	6.0E-4	0.0	0.0
36	2.0E-4	6.0E-4	6.0E-4	0.0	0.0
37	2.0E-4	6.0E-4	6.0E-4	0.0	0.0
38	2.0E-4	6.0E-4	6.0E-4	0.0	0.0
>>END_MODULE
>>Kmer Content	fail
#Sequence	Count	PValue	Obs/Exp Max	Max Obs/Exp Position
TCGAATC	46865	0.0	45.344223	1
CTAATCT	20	7.8699016E-4	43.979893	2
AGTTTCG	20	7.8776595E-4	43.971096	39
TGACCGG	20	7.8776595E-4	43.971096	44
AGTACGG	20	7.8776595E-4	43.971096	44
TGTGGGA	25	4.456473E-5	43.971092	9
TTTTGGA	50	2.7284841E-11	43.971092	8
CCTATAG	25	4.456473E-5	43.971092	44
CGGAAAT	20	7.88154E-4	43.9667	28
ACACGTA	20	7.88154E-4	43.9667	33
CGCGGAA	45	4.820322E-10	43.9667	28
CCGGAAT	125	0.0	43.9667	27
CGGGGAT	35	1.4524994E-7	43.9667	28
GGGACTA	20	7.88154E-4	43.9667	29
CGGGACA	65	0.0	43.9667	28
GCGGAGG	20	7.88154E-4	43.9667	29
CGCGTAT	20	7.88154E-4	43.9667	28
GATAGCT	20	7.88154E-4	43.9667	29
CGTTGGG	30	2.5380232E-6	43.966698	28
CGTACTA	25	4.4591052E-5	43.966698	28
>>END_MODULE
